16 15 14 12 11 11 12 12 12 13 14 14 15 16 18 20 21 24 26 29 32 36 41 46 50 54 58 62 66 66 66 66
15 14 13 12 11 12 12 12 12 13 14 15 16 17 19 20 22 25 29 32 36 40 44 49 53 57 60 64 68 68 68 68
14 13 12 12 12 12 12 12 12 14 14 16 16 18 20 21 22 27 31 35 39 43 48 52 56 59 63 66 70 70 70 70
12 12 12 12 12 12 12 12 13 14 15 16 17 19 20 22 23 28 33 38 42 47 51 55 59 62 65 68 71 71 71 71
11 11 12 12 12 12 12 13 13 14 16 17 18 20 21 22 24 30 35 40 46 50 54 58 62 65 68 70 73 73 73 73
11 12 12 12 12 13 13 13 14 15 16 18 19 21 23 25 28 33 38 43 48 53 57 61 65 67 69 71 74 74 74 74
12 12 12 12 12 13 14 14 14 16 18 19 20 23 26 28 31 36 41 46 51 55 59 63 68 69 71 72 74 74 74 74
12 12 12 12 13 13 14 15 15 17 18 20 22 25 28 31 34 39 44 49 54 58 62 66 70 71 72 73 74 74 74 74
12 12 12 13 13 14 14 15 16 18 20 21 23 27 30 34 38 42 47 52 56 60 64 69 73 74 74 74 75 75 75 75
13 13 14 14 14 15 16 17 18 19 21 23 24 29 33 37 42 46 51 56 61 64 68 72 76 76 76 76 76 76 76 76
14 14 14 15 16 16 18 18 20 21 23 24 26 31 36 41 46 50 56 60 66 69 72 75 78 78 78 78 78 78 78 78
14 15 16 16 17 18 19 20 21 23 24 26 28 33 38 44 49 54 60 65 70 73 75 78 80 80 80 79 79 79 79 79
15 16 16 17 18 19 20 22 23 24 26 28 29 35 41 47 53 58 64 70 75 77 79 81 83 82 82 81 80 80 80 80
16 17 18 19 20 21 23 25 27 29 31 33 35 40 46 51 57 63 68 74 80 82 84 86 88 87 86 85 84 84 84 84
18 19 20 20 21 23 26 28 30 33 36 38 41 46 51 56 60 67 73 79 85 87 89 91 93 92 90 88 87 87 87 87
20 20 21 22 22 25 28 31 34 37 41 44 47 51 56 60 64 71 77 84 90 92 94 96 98 96 94 92 90 90 90 90
21 22 22 23 24 28 31 34 38 42 46 49 53 57 60 64 68 75 82 88 95 97 99 101 103 101 98 96 94 94 94 94
24 25 27 28 30 33 36 39 42 46 50 54 58 63 67 71 75 80 86 92 97 100 102 104 106 104 100 98 94 94 94 94
26 29 31 33 35 38 41 44 47 51 56 60 64 68 73 77 82 86 90 95 100 102 105 107 110 106 102 99 95 95 95 95
29 32 35 38 40 43 46 49 52 56 60 65 70 74 79 84 88 92 95 98 102 105 108 111 114 109 104 100 96 96 96 96
32 36 39 42 46 48 51 54 56 61 66 70 75 80 85 90 95 97 100 102 104 107 110 114 117 112 106 101 96 96 96 96
36 40 43 47 50 53 55 58 60 64 69 73 77 82 87 92 97 100 102 105 107 110 112 115 118 113 108 103 98 98 98 98
41 44 48 51 54 57 59 62 64 68 72 75 79 84 89 94 99 102 105 108 110 112 114 116 118 114 109 104 99 99 99 99
46 49 52 55 58 61 63 66 69 72 75 78 81 86 91 96 101 104 107 111 114 115 116 118 119 115 110 105 100 100 100 100
50 53 56 59 62 65 68 70 73 76 78 80 83 88 93 98 103 106 110 114 117 118 118 119 120 116 111 106 102 102 102 102
54 57 59 62 65 67 69 71 74 76 78 80 82 87 92 96 101 104 106 109 112 113 114 115 116 112 108 105 101 101 101 101
58 60 63 65 68 69 71 72 74 76 78 80 82 86 90 94 98 100 102 104 106 108 109 110 111 108 106 103 100 100 100 100
62 64 66 68 70 71 72 73 74 76 78 79 81 85 88 92 96 98 99 100 101 103 104 105 106 105 103 101 100 100 100 100
66 68 70 71 73 74 74 74 75 76 78 79 80 84 87 90 94 94 95 96 96 98 99 100 102 101 100 100 99 99 99 99
66 68 70 71 73 74 74 74 75 76 78 79 80 84 87 90 94 94 95 96 96 98 99 100 102 101 100 100 99 99 99 99
66 68 70 71 73 74 74 74 75 76 78 79 80 84 87 90 94 94 95 96 96 98 99 100 102 101 100 100 99 99 99 99
66 68 70 71 73 74 74 74 75 76 78 79 80 84 87 90 94 94 95 96 96 98 99 100 102 101 100 100 99 99 99 99
